nTeams=16;

dist= [
[  0  700  248  878  987  1788  444  1935  805  1028  440  644  88  329  509  257]
[  700  0  502  829  1453  2085  953  2356  1023  329  893  843  643  712  680  772]
[  248  502  0  680  1008  1741  471  1946  941  820  632  759  244  472  593  452]
[  878  829  680  0  871  1291  670  1623  1617  967  1306  1433  910  1152  1261  1121]
[  987  1453  1008  871  0  847  550  949  1753  1710  1357  1616  1072  1305  1495  1207]
[  1788  2085  1741  1291  847  0  1346  452  2581  2258  2189  2431  1866  2116  2294  2028]
[  444  953  471  670  550  1346  0  1498  1237  1246  851  1085  526  770  953  682]
[  1935  2356  1946  1623  949  452  1498  0  2682  2571  2287  2556  2021  2249  2442  2148]
[  805  1023  941  1617  1753  2581  1237  2682  0  1270  396  189  739  480  364  554]
[  1028  329  820  967  1710  2258  1246  2571  1270  0  1201  1104  972  1024  960  1094]
[  440  893  632  1306  1357  2189  851  2287  396  1201  0  294  395  183  287  185]
[  644  843  759  1433  1616  2431  1085  2556  189  1104  294  0  571  315  176  409]
[  88  643  244  910  1072  1866  526  2021  739  972  395  571  0  259  428  211]
[  329  712  472  1152  1305  2116  770  2249  480  1024  183  315  259  0  200  115]
[  509  680  593  1261  1495  2294  953  2442  364  960  287  176  428  200  0  314]
[  257  772  452  1121  1207  2028  682  2148  554  1094  185  409  211  115  314  0]
];

opponents=[
[  -16  -15  -14  -13  -12  -11  -10  -9  8  7  6  5  4  3  2  1]
[  -15  -9  -16  -14  -13  -12  -11  -10  2  8  7  6  5  4  1  3]
[  -14  -16  -10  -9  -15  -13  -12  -11  4  3  8  7  6  1  5  2]
[  -13  -14  -11  -12  -9  -10  -16  -15  5  6  3  4  1  2  8  7]
[  -12  -13  -15  -11  -10  -9  -14  -16  6  5  4  1  2  7  3  8]
[  -11  -12  -8  -7  -6  5  4  3  -15  -16  1  2  -14  13  9  10]
[  -10  -11  -12  -16  -14  -15  -9  -13  7  1  2  3  8  5  6  4]
[  -9  -10  -13  -8  -16  -14  -15  4  1  2  -12  11  3  6  7  5]
[  -8  -7  -9  -15  -11  -16  2  1  3  -14  5  13  -12  10  4  6]
[  -7  -8  -6  5  -4  3  1  2  -14  -15  13  -16  -11  9  10  12]
[  -6  -5  -7  -10  2  1  3  -14  -13  4  -16  -15  9  8  12  11]
[  -5  -6  -4  3  1  2  -13  -12  -16  -11  10  8  7  -15  14  9]
[  -4  -3  2  1  -8  -7  6  5  -12  -13  -15  9  10  -16  11  14]
[  -3  -4  1  2  -7  -8  5  6  -11  -12  9  10  14  -13  -16  15]
[  -2  1  -5  -6  3  4  -8  7  -10  9  -14  -13  12  11  16  -15]
[  2  -1  4  -3  6  -5  8  -7  10  -9  -13  16  11  15  -14  -12]
[  3  5  -1  15  -2  7  -6  9  -8  11  -10  -14  -16  12  -4  13]
[  4  7  5  -1  -3  9  -2  11  -6  12  -8  -10  -15  16  13  -14]
[  5  16  9  7  -1  11  -4  12  -3  14  -6  -8  15  -10  -13  -2]
[  6  4  15  -2  8  -1  10  -5  13  -7  16  14  -9  -12  -3  -11]
[  7  3  -2  11  9  12  -1  14  -5  15  -4  -6  16  -8  -10  -13]
[  8  12  11  14  15  10  13  -1  16  -6  -3  -2  -7  -4  -5  -9]
[  9  10  13  16  12  14  11  15  -1  -2  -7  -5  -3  -6  -8  -4]
[  10  15  6  -5  4  -3  16  13  14  -1  12  -11  -8  -9  -2  -7]
[  11  9  8  13  10  16  14  -3  -2  -5  -1  15  -4  -7  -12  -6]
[  12  11  14  9  16  8  15  -6  -4  13  -2  -1  -10  -3  -7  -5]
[  13  6  12  8  14  -2  9  -4  -7  16  15  -3  -1  -5  -11  -10]
[  14  8  16  10  11  13  12  -2  15  -4  -5  -7  -6  -1  -9  -3]
[  15  13  10  6  7  -4  -5  16  12  -3  14  -9  -2  -11  -1  -8]
[  16  14  7  12  13  15  -3  10  11  -8  -9  -4  -5  -2  -6  -1]
];

